-5.5892
14.543
-6.793
-10.656
-7.7511
-4.7493
-4.5955
3.5122
-0.61548
8.0009
-7.8208
10.354
-15.053
11.185
-1.1207
3.3849
-20.07
-12.421
14.477
23.871
-1.4767
8.1902
21.144
21.06
-18.966
-10.012
-3.0412
16.974
-13.495
-1.6679
15.529
2.2761
6.5142
-1.9943
10.223
11.766
-3.8487
21.319
8.0477
-5.4436
8.1868
-4.3377
-0.15588
8.2833
-9.9378
-2.252
-11.335
-5.9915
11.738
-14.748
-4.5886
1.237
-14.689
4.3979
-20.656
3.7471
6.2345
-12.42
-3.7874
8.0874
-1.4911
-18.883
1.998
4.6627
2.2492
6.3177
6.2015
15.845
-9.9977
-18.101
10.526
-2.0603
-11.81
13.78
-4.0325
11.436
5.6994
17.526
6.4664
8.6541
-5.3105
-4.9976
19.275
-2.289
3.3558
-16.452
7.945
0.13203
6.3114
-1.1462
-10.39
20.039
3.4905
-21.236
3.872
-4.8613
1.7499
17.993
-3.1228
20.099
5.5704
-10.518
22.782
8.4023
8.7801
-14.547
10.943
7.9354
-8.5546
10.294
7.2429
6.9908
8.8532
-6.2619
-12.825
-6.6075
-14.594
-2.7584
10.808
2.4606
5.0114
10.238
-7.2635
-2.0322
4.6814
15.956
3.3141
-21.75
9.3279
-9.9275
13.3
-1.9396
17.826
9.24
3.3001
-8.8503
-7.1731
-20.992
-24.397
-16.702
-8.9894
4.033
3.9443
-7.5056
-9.5904
14.918
3.269
-2.8528
-3.3096
6.4791
-16.76
3.9138
7.5952
16.866
-5.2615
1.4114
10.06
19.471
-13.96
-17.67
-3.6447
0.88903
6.3777
3.7634
-4.8663
9.9628
3.0985
-2.5523
2.7101
15.527
7.0404
-2.8173
-18.14
-1.3858
3.5127
-3.2261
6.6596
-10.786
-2.3998
7.4049
-16.529
6.6859
2.7832
18.012
-4.9015
-17.358
9.7014
13.515
9.8734
19.477
-13.575
-10.022
6.8027
14.994
27.628
2.8104
4.6198
9.8229
-1.3128
1.2641
2.614
3.1356
21.968
13.654
-2.4552
6.7419
-7.6802
-4.21
-13.726
1.5967
-13.903
30.469
10.565
-14.328
-3.947
-4.1475
-18.28
12.423
-2.4183
14.009
6.0492
10.56
5.0663
28.115
0.29565
2.8482
12.547
-2.3842
0.94471
4.206
-28.537
3.6787
-0.049351
17.55
-2.8136
20.568
4.3208
-5.2541
12.29
2.9909
-2.4579
0.52357
6.9379
16.966
-1.4665
8.984
3.6464
8.924
3.8419
5.1566
-7.5052
5.201
5.3331
5.7272
13.528
12.493
3.8447
-2.8411
7.1161
0.1446
-1.2541
0.69152
-1.9111
-1.8426
5.964
0.12637
16.155
8.9287
-6.0589
1.0086
-2.044
4.8857
24.172
20.329
7.1682
-0.51458
-4.9337
14.126
2.984
8.0011
2.6874
4.46
2.1528
3.9838
2.5511
-0.10127
-4.6243
-18.241
-3.628
-8.3785
7.5763
-6.5373
17.784
7.1141
9.1693
3.0337
-10.207
-0.29351
-3.5417
-12.349
6.1743
-2.0175
16.302
14.9
-3.9806
-10.73
-8.5928
1.5385
3.2384
-8.3937
-8.7717
6.3228
-0.13469
5.9768
-5.6281
-19.985
2.2946
1.0295
-6.1161
6.583
2.4223
6.8255
-24.414
6.4341
-2.0249
2.6193
13.813
-11.178
-3.6828
7.2984
11.309
1.732
11.478
14.253
11.148
-3.6108
8.1118
10.747
4.8994
14.259
-15.737
19.551
7.6531
-4.8898
-4.0649
6.9697
-5.6091
11.746
-0.51928
5.0791
17.173
-11.54
-8.6629
15.955
2.8188
32.659
4.5651
2.8226
-10.224
-6.2567
-15.095
-10.957
15.544
-11.035
-4.2378
18.91
7.915
7.9143
-14.101
-0.54431
3.5963
17.874
-5.9242
-4.2807
-7.9044
15.92
0.60037
-22.104
1.8275
-10.942
9.4145
-5.2353
-8.96
3.0412
8.5677
-2.4867
13.226
2.1702
2.4895
21.746
8.979
-15.454
5.44
0.53316
8.5723
-7.9426
-8.2009
-11.905
-0.49207
-17.376
3.2199
10.532
7.9058
13.252
-7.2856
10.335
-1.916
14.597
2.4843
-14.125
-14.445
-18.352
-14.542
0.031257
-9.5115
-28.516
20.166
-1.5672
13.894
-1.8264
-0.30385
0.65562
1.1351
24.555
-2.9669
34.083
-17.011
4.7428
-14.613
6.4897
-17.105
2.2151
-11.074
23.483
11.68
19.4
-3.813
-11.601
-14.064
6.7004
16.179
26.902
10.916
7.2902
36.764
-2.085
-8.3099
-9.3834
-19.038
18.027
-16.407
-7.82
13.401
-3.2911
38.158
2.6918
-6.9539
9.0011
-6.115
0.72114
1.8362
23.611
-10.876
8.7466
17.161
-7.5317
2.1342
-7.8644
20.999
3.5616
6.2912
-0.967
5.884
-4.2346
-25.367
3.2577
-7.6249
2.4131
15.99
0.063632
-13.96
-0.23974
24.758
17.638
11.605
18.184
-3.4458
-10.983
-6.2105
-2.0921
-15.179
3.3681
-3.8166
8.0066
-8.3871
5.6311
-12.312
4.0018
-2.9937
-9.6333
-2.0362
4.6685
1.4227
1.9489
-10.531
5.6825
3.4206
14.086
19.782
5.2707
-18.459
-7.275
-4.7687
-1.0268
-1.8072
19.584
-19.32
16.054
7.4059
8.1676
6.6891
3.84
0.91641
-32.167
-5.1874
1.3722
10.096
0.55993
-0.086676
-8.2155
-6.987
8.4715
-12.924
11.436
-7.5265
-4.7805
1.8286
7.7382
-0.34306
-5.5797
-0.13459
1.7384
10.656
9.2382
-9.5181
-23.136
2.6753
11.47
-31.514
8.8016
9.9138
-0.31908
9.3448
8.4663
-6.8492
14.614
14.354
6.367
9.9579
3.443
-5.4458
4.45
7.6879
-2.0086
4.1782
-5.804
7.514
-6.5343
8.3303
-0.96678
10.581
-0.15749
-12.841
10.103
-11.431
4.7155
6.4922
-4.3468
-8.5806
-6.0015
-10.472
-3.8289
-8.5564
-20.799
8.5791
14.045
-7.0917
-9.5842
-9.5421
18.283
8.846
2.3334
-4.8787
12.711
-0.94638
8.6346
3.7597
1.2306
-9.3655
23.369
-8.7852
-16.154
-0.86767
-1.5015
-8.1316
7.9732
-2.4532
6.1336
15.705
-13.893
6.4367
17.399
5.2116
7.2259
-1.0027
8.1758
8.2879
-2.7621
9.3691
-19.293
16.492
-8.4798
-0.096
-2.8625
-4.8034
23.592
-4.0561
2.5278
1.3333
-6.5688
-11.124
-19.874
1.8393
-7.5348
-6.3479
-19.801
12.413
-16.744
24.246
-21.352
4.5548
-24.594
5.7241
-9.3545
2.5864
8.6318
-7.0626
3.1848
-8.5786
14.652
12.34
-6.4077
27.228
-26.513
11.478
4.0485
-2.3138
7.3521
11.173
35.299
-5.2577
9.8827
12.865
2.1312
3.8694
14.227
-2.3252
7.2212
12.134
5.8087
-0.92715
4.2937
-19.526
9.3733
18.742
-7.5292
-4.6995
-6.4104
-9.549
9.5857
2.4873
-3.1576
-5.01
-6.6516
8.6218
-0.57464
0.16663
0.73757
13.894
-1.2324
-2.7951
5.8829
-5.9139
-0.27315
-4.0507
6.9307
15.037
-0.12399
10.779
0.81943
11.252
-5.2095
0.30494
9.8246
7.0748
21.037
1.8326
1.4929
12.928
-16.078
5.0968
26.982
1.835
-4.0597
16.845
-14.483
8.8794
4.022
24.636
6.8239
8.7034
-17.438
19.19
-4.458
-4.0635
24.635
12.79
-0.69428
-11.089
13.181
0.77227
-16.728
20.53
12.342
1.3475
15.852
-1.5521
4.2172
-1.4591
1.7526
-15.362
29.505
-3.1359
-12.806
-5.1341
-19.151
5.8304
1.8554
1.7112
17.793
4.3352
8.7384
-0.26589
7.4495
-4.6018
-3.1977
-19.029
-3.655
-11.596
-1.6917
9.3813
-1.939
16.351
6.2973
-1.6425
10.403
5.3945
-5.8743
14.308
1.1278
-3.925
-0.27007
4.358
-4.1043
13.098
-1.7172
3.833
1.3708
11.289
20.253
-17.062
3.6081
15.844
-0.40076
15.486
-5.5225
8.0288
6.959
-1.9457
-10.334
-1.0536
12.963
-4.0124
14.192
-16.692
-5.6941
-11.372
6.0158
7.7228
9.9505
-1.2138
7.933
-7.9066
-1.1086
-1.0392
-4.1532
-8.8974
4.1855
7.6961
5.4037
4.577
-10.348
-15.331
1.8164
18.836
-20.871
-0.70718
-0.41924
1.4365
-12.138
-6.1983
-10.487
13.97
13.853
-0.92795
2.3404
-13.621
1.879
-2.8223
20.16
9.8563
7.3127
-3.6681
1.3328
36.068
18.63
2.237
6.4588
3.9272
-0.26514
-1.323
2.9623
10.821
9.9574
3.9729
12.996
-13.022
8.5405
-16.901
-1.9085
-5.0165
6.1433
-23.8
-6.9755
-16.278
6.254
4.1467
-0.41973
-0.72097
14.958
1.1194
2.4171
-5.9752
2.7403
-0.57476
-0.45015
-2.8542
-0.75608
0.4087
16.189
-4.4118
12.32
4.581
17.491
-1.8271
-6.4438
15.618
-28.856
-4.6998
31.946
2.217
-21.147
1.887
5.1392
9.5961
16.454
-0.81854
7.4514
7.8682
1.3804
2.2095
-8.5442
-4.2172
-10.005
4.9169
0.91651
-0.40597
17.851
2.9966
0.97765
-4.501
-17.524
-2.7116
-24.467
-4.7338
1.6608
15.363
-7.4784
4.9101
1.5497
-23.131
-18.947
-0.60167
15.033
-5.089
9.0102
-6.4395
-10.25
-12.777
-0.97582
-5.6732
5.7467
-14.387
-9.2092
-11.918
-10.298
8.4094
-3.4869
-4.6293
3.0483
12.787
22.847
18.725
16.499
-18.962
-17.338
0.86941
-6.2082
13.732
1.0576
2.8539
11.21
0.67059
8.0416
-4.5522
-5.2223
-6.0294
2.8319
-7.8617
10.316
-25.556
-3.6705
7.7435
-4.5318
-1.6942
2.9245
2.7498
-10.768
6.7524
21.115
10.35
-5.6882
2.7364
-4.1404
2.8683
22.79
-4.3095
11.698
-9.8542
4.6262
-4.2043
7.559
9.3087
6.7031
0.44974
-10.197
-26.926
-3.387
-14.293
11.833
5.6857
-1.214
7.0155
2.5694
-20.058
-2.8622
-10.483
-5.9113
-20.12
4.9293
2.0661
3.9246
-1.0602
19.876
-0.90264
-13.53
10.967
9.4912
9.3918
8.6387
