30.525
30.042
30.605
30.511
30.511
30.489
30.324
30.589
30.429
30.384
30.657
30.572
30.326
30.559
30.302
30.678
30.779
30.547
30.682
30.041
30.552
30.347
30.527
30.395
30.322
30.614
30.436
30.224
30.363
30.494
30.533
30.373
30.652
30.535
30.554
30.471
30.955
30.576
30.43
30.737
30.839
30.55
31.119
30.473
30.58
30.487
30.517
30.714
30.566
30.941
30.589
30.083
30.431
30.769
30.511
30.167
30.406
30.124
31.09
30.84
30.781
30.629
30.71
30.167
30.433
30.562
30.432
30.063
30.926
30.513
30.554
30.435
30.39
30.489
30.903
30.577
30.454
30.298
30.672
30.43
30.63
30.302
30.65
30.457
30.547
30.474
30.467
30.586
30.79
30.343
30.331
30.219
30.826
30.687
30.429
30.469
30.648
30.687
30.34
31.005
