1.6006
5.2291
-1.1642
1.2867
5.3703
2.5944
-0.15973
-1.6918
-8.809
-0.2177
-2.8492
0.51067
2.1865
-0.39798
4.8377
3.3822
-13.596
3.7736
-4.3257
-2.6874
-0.49579
7.0794
-0.066786
-4.0905
2.1442
9.8198
-16.73
-4.7418
-1.2419
4.8832
15.757
2.4246
9.5911
6.2838
-3.5308
-3.9885
4.1106
1.9248
0.092316
-6.5655
-0.06624
-0.022258
-3.1272
-1.6051
0.28552
48.457
6.824
-3.9449
-0.76884
0.81234
-11.771
-0.32077
1.3257
-12.86
0.69754
-0.79231
3.0765
12.624
8.775
3.5066
-2.0077
4.7027
-4.0831
3.9079
-1.0539
0.38765
-8.4273
-2.7677
7.0589
-0.041101
2.7256
2.4944
21.89
0.55422
1.9586
-9.2505
-6.0169
-1.5647
-4.8184
-14.112
-11.189
1.7872
-6.8143
4.0761
9.0573
1.3087
53.978
-1.5277
36.943
16.997
9.4121
0.38363
6.0482
5.2361
2.827
18.943
2.3733
-2.8256
1.7926
-7.1102
-3.5819
4.1616
5.2506
11.13
3.6404
1.4154
-13.294
0.66908
6.9875
3.3697
0.26832
0.025218
-10.262
-15.056
-9.0413
2.9943
1.6508
-11.318
-3.4138
-7.04
-1.646
3.9281
8.4332
0.45285
-0.97287
24.204
8.2033
-1.1614
-6.008
-4.5781
-68.014
11.517
1.5136
8.9163
-8.0504
-0.51903
3.6265
10.752
-0.89937
-31.647
8.9359
-1.891
11.096
0.13213
3.6044
5.7746
4.295
0.14926
3.6556
-10.041
-10.222
-0.24187
8.3366
-4.5461
23.819
11.22
8.2773
-6.5582
-3.307
-15.474
3.3838
6.4951
2.7766
0.37081
-1.2017
5.2947
2.9124
-6.604
-2.5763
5.8525
18.803
-1.1733
-2.4696
-0.3096
3.3482
-4.0827
17.58
1.2806
3.945
-7.5655
8.6357
13.211
-7.6122
11.774
3.3866
14.537
-1.6712
-6.6379
7.6233
-7.5573
1.3367
-1.7124
43.152
1.0374
7.2753
-13.226
0.68491
-5.7697
20.131
0.49019
-4.2906
-23.156
2.0404
-10.381
-13.923
-1.0498
0.9671
5.7783
2.3491
-8.745
2.333
-19.519
-4.4574
6.179
-3.2447
-0.70301
-4.1571
0.84898
-15.745
0.097768
-0.52384
2.6341
46.912
2.022
3.4184
-1.2343
-5.9003
-0.99629
-6.9113
7.7503
-3.1726
-8.8265
4.7795
-2.9979
-0.62577
-1.6346
6.2346
1.6685
1.574
-4.6564
0.0040027
-8.0388
13.994
-6.6619
-1.8771
10.624
6.9037
0.65896
9.5093
5.0631
0.21286
4.2089
-6.2671
4.7835
-28.197
23.851
5.9828
0.37942
6.509
0.50992
4.8174
-2.9669
1.1436
3.2545
2.3084
-3.0613
-4.8245
5.1595
-1.1677
-10.012
7.6676
-0.72943
8.4168
0.012004
1.0171
-2.8459
-4.5101
3.5282
8.9023
12.172
13.8
-1.058
9.7506
12.275
1.0618
1.8494
-3.7842
3.4025
-18.229
1.6026
-13.576
-12.225
12.418
0.96359
3.0462
12.489
8.9808
-30.538
7.9288
2.3331
8.7982
1.5911
2.9379
7.3716
-0.044343
1.4621
5.5005
-20.05
-1.5189
-1.5847
-8.9284
-9.0368
-1.0041
-2.795
1.1171
2.1027
5.2915
0.54957
11.151
-7.2658
19.456
1.777
2.2869
-1.9127
11.978
7.8556
-0.27291
1.3168
12.199
-10.252
-5.7985
6.07
-3.5778
25.66
1.7327
5.0473
1.7532
36.674
-1.9946
13.784
-4.3104
9.9786
0.61274
4.8508
9.8968
-9.0135
-12.16
-2.8631
-1.5184
4.6644
1.0935
1.2601
0.027268
-7.9942
-1.599
21.931
-4.9774
52.524
-0.95763
2.8088
-12.385
-6.0723
-0.17991
0.29995
-4.1413
2.3891
-25.354
3.6317
2.6869
4.3521
-5.3403
-0.76067
21.104
-2.6143
-5.9054
4.6816
-4.0187
-0.60031
7.061
-13.024
4.3799
0.40877
46.621
2.4819
0.62255
-2.273
-2.385
0.53544
-3.5729
1.4057
-0.87595
0.94437
1.6777
2.4468
3.4938
2.867
-2.271
0.015401
4.8239
-2.9087
5.5621
11.746
4.7425
1.8919
-1.0302
1.5023
3.2147
1.3174
-1.0885
-0.67637
-13.67
-7.2381
-2.1528
4.8475
3.4733
-4.8517
-2.004
27.885
-0.15417
1.1243
-7.617
-2.0767
4.0525
2.2165
12.382
98.754
-0.47445
1.8887
0.52792
1.2239
-2.299
7.8614
6.9879
-6.4368
3.6668
7.83
11.279
4.3065
-7.9364
7.0657
11.561
3.3224
0.23161
-0.29691
7.6539
-10.078
4.5527
0.99357
-8.7163
18.629
-1.6441
-5.4283
-8.0029
2.3111
-8.3014
9.9266
4.0433
-17.654
0.1872
10.146
0.5655
4.9444
-0.050062
4.5547
-3.3187
4.7291
19.036
5.1911
-0.20085
-2.9112
2.5354
-3.9788
1.2147
-5.2408
-4.0607
-1.8763
8.824
-8.2456
-1.5311
-77.074
-24.585
-1.7074
12.488
16.38
0.39148
-0.43312
15.488
1.1558
2.7946
2.4034
-21.877
4.2343
-17.272
1.5404
8.8587
2.455
-0.17794
2.2711
8.9393
6.2187
-3.2186
4.3798
-12.464
5.2604
4.6926
-6.3737
1.8258
2.0997
-6.8944
-4.8628
-12.692
-20.358
-4.3634
-11.943
30.286
6.1041
9.9739
8.3373
11.823
-20.164
1.4709
-7.929
0.90989
12.821
0.52239
-11.017
-3.118
-0.45132
19.108
14.866
10.687
20.727
8.2912
-11.199
0.62425
6.4338
8.1572
6.1758
0.7661
-3.8762
30.285
-3.5095
7.0571
-1.18
4.7319
-7.8166
12.263
-2.2443
0.5179
-0.20001
5.9832
4.4827
0.58983
2.5531
13.382
-6.6417
1.1512
3.2288
5.0737
-4.9838
5.3868
-1.6961
20.069
0.15492
-12.332
4.973
-37.622
10.437
4.5297
23.613
4.1811
-2.1273
-31.969
-5.4008
-5.2332
-2.5198
-5.982
-0.83064
3.1838
0.36425
1.24
-8.4827
-0.64787
-4.1461
5.5959
-8.0698
3.0289
3.7402
1.1045
-27.576
-7.9225
-2.3966
-3.5332
-6.042
8.5438
12.374
4.9287
4.6465
-1.4147
11.711
0.42373
-2.204
4.3338
-2.9091
6.9673
10.42
-0.044773
0.42184
3.8464
8.5944
1.2027
-3.0558
-2.064
3.6706
0.77658
3.223
4.9302
-0.19244
-3.5458
10.898
-2.3112
1.7454
-7.8099
-2.6827
0.1937
3.7642
-6.0455
3.1227
6.2542
6.3169
12.488
-2.9528
-10.3
-2.9347
-0.99802
-0.17387
8.3047
-0.19469
4.697
0.58647
-4.2197
12.92
-2.0816
-3.9677
1.3092
3.4141
7.7461
-4.8008
10.006
-14.753
-0.088884
-1.0056
15.148
-2.0045
1.085
-0.99339
3.5287
8.7132
4.3223
-16.676
5.399
-13.445
11.33
2.1445
-23.382
1.6634
1.5161
-0.80169
2.7556
0.42867
-8.9819
75.275
-1.4243
0.44875
-11.889
4.3602
9.7313
-0.097502
9.0037
-6.7068
-2.2728
-6.4237
-0.7679
1.9399
-0.89266
-16.236
6.3583
-1.1374
-2.0818
-2.9935
-5.7807
4.672
-1.2389
21.059
-6.1084
4.7513
-21.754
-1.7892
-21.566
1.1153
-3.7559
-6.6955
8.2709
2.3843
4.5459
6.0152
-5.3447
7.1859
-6.4251
-1.0414
4.3027
2.2585
-19.2
-4.0551
17.641
2.5174
7.9077
-40.267
2.5592
1.5644
-2.3871
-7.5094
5.4404
10.151
12.064
-6.4804
12.254
-3.3624
4.5748
0.51808
-8.2662
1.2164
1.0151
6.178
4.1033
-0.7675
3.1137
-16.977
6.0128
3.1233
9.3918
-50.289
11.164
1.7408
19.282
-4.0965
2.1723
10.349
2.5756
-4.432
9.8984
2.4945
-1.5303
7.8501
4.1519
-10.829
1.5211
2.1642
9.4396
-12.648
1.1343
2.911
3.0912
9.5317
2.3914
2.857
1.9656
-14.412
5.2532
1.2882
-4.8356
5.4556
4.5349
10.09
-5.3275
6.7474
-5.4244
11.999
-1.6813
-2.4163
-5.556
-3.4097
-1.219
13.209
-1.0829
-1.0521
8.4559
2.6213
7.9466
-16.042
-10.744
5.3599
-3.0584
3.3757
22.51
5.5244
1.7717
-1.3993
-5.4282
-5.4461
-0.35297
1.1121
-3.0964
8.5937
2.4776
8.8803
8.2203
-7.0117
8.0086
1.9688
2.7844
7.9523
-3.3755
5.5384
-3.1897
6.042
-11.464
8.2415
-3.1917
9.0556
-2.6892
3.734
6.5111
6.3834
1.8718
2.7324
-0.32265
15.66
5.8944
1.0695
1.0538
6.3095
1.2492
-2.7328
-3.2514
5.6322
1.6114
1.8222
0.034565
-4.9179
7.2001
-0.17004
0.022862
-0.31961
-5.6315
-57.498
-10.801
-0.26717
11.939
0.66089
10.164
-1.3204
0.87172
7.559
16.505
-0.61973
-23.838
2.0765
-1.3878
-5.9273
-10.785
3.0827
-1.2969
-15.287
-5.3891
6.9498
8.881
0.72472
-4.1713
0.042577
6.4395
6.2867
13.361
4.5226
2.8088
20.222
1.2331
-7.7601
15.636
10.448
7.2627
-2.507
31.704
14.841
17.473
2.7004
8.5938
-1.1352
7.1726
13.778
4.604
5.4022
1.7711
1.9153
0.54952
-3.2021
7.3045
3.3698
-7.2978
-0.10805
-5.799
-4.948
3.7188
-2.8438
-4.2482
5.8648
-23.338
22.935
-0.38818
3.8076
7.4238
6.442
-16.304
5.6616
-0.65376
-3.7271
1.1785
2.3425
-0.17349
0.395
-4.6235
-2.2556
2.2527
4.318
1.4325
5.892
2.4856
-2.6745
0.50616
8.2062
5.0293
9.365
-0.061234
-1.459
-16.299
4.3815
-10.599
21.159
4.6141
1.2583
-0.56871
-7.643
2.3737
2.1147
-1.7887
2.2162
9.497
5.0449
2.974
7.0804
-1.206
-1.7347
6.4704
-1.1232
-16.66
2.8616
0.74155
-95.802
7.7836
0.14612
18.931
-0.10548
-1.8969
6.6159
-2.5356
9.6125
0.91907
17.806
-8.326
-4.8073
2.7728
10.245
8.6793
8.95
3.7839
5.1489
-10.197
-1.4072
-1.4712
1.7379
0.19562
-9.0466
-18.281
-3.1998
-2.1192
-1.6354
5.2962
2.679
5.1693
-4.4184
11.153
-2.1269
-0.3192
-0.3089
3.4312
3.0577
0.045187
-1.427
-5.5619
-14.583
