332.07
1.2494
7.2544
7.8381
7.0048
-0.75536
8.5817
-7.8721
-16.738
0.10952
2.2113
-2.2856
2.6707
6.1729
-2.4014
2.8725
-146.95
-24.734
-4.034
20.328
0.78138
4.6312
6.6145
11.367
-4.1874
-8.6614
5.2629
-8.4868
40.945
-3.8343
2.2562
121.54
76.09
-6.5617
-1.6121
1.344
1.5528
2.6385
0.23968
1.6796
-0.6745
3.766
6.5092
-102.02
-2.9909
1.2093
8.7715
-1.3664
1.5822
3.068
8.6639
-6.9408
2.0666
-1.9663
0.98629
-3.5137
9.78
0.49975
9.1279
-2.6762
8.767
-1.6241
-2.215
3.6521
40.946
11.118
2.0531
-4.1749
2.3198
0.20416
2.217
34.485
2.1358
1.8611
-7.6665
1.9629
-4.1572
3.8682
-1.4754
2.1212
-4.4676
-32.139
5.5619
1.2375
1.7409
14.52
-0.6938
248.06
1.3205
78.661
2.2864
-33.297
-17.384
3.1221
-2.4645
-27.293
0.41718
-13.853
1.7301
-0.012522
-1.0941
-47.212
0.73279
7.7932
-5.4443
11.208
3.1752
9.3778
0.3682
-74.995
1.7456
-2.2358
9.2447
5.1477
-0.52714
20.612
-2.623
5.1977
-188.52
1.5996
2.9719
-3.3535
-162.18
1.6515
-10.63
2.832
6.6129
3.6078
0.39243
-4.1192
4.1303
4.3726
-12.356
-4.7598
2.8085
-9.1425
-1.0956
7.5362
-1.937
14.788
25.424
7.2426
-1.7381
-2.2279
6.5219
23
-2.5888
-121.43
6.0639
9.7544
-1.5696
36.686
52.765
122.41
-2.0318
-4.3879
-3.4732
5.2211
-71.463
-7.0207
5.8353
13.061
8.7876
627.02
-106.64
-3.158
2.494
11.569
14.819
13.869
4.6604
-1.7763
-6.8047
-9.0478
-10.897
0.0015516
-27.039
-20.782
-200.17
1.1567
7.51
0.77865
16.399
16.802
4.5223
7.8187
15.522
-117.15
47.673
-5.9805
-3.1302
2.4365
-12.312
50.394
3.9053
-6.4175
-1.484
-1893.8
23.04
-21.889
-0.068905
-14.89
-7.7452
-3.4745
-13.858
4.7202
0.35051
1.1102
8.2751
-3.8789
25.435
-10.472
1.5391
2.3404
11.092
5.8578
2.2089
2.2163
17.712
2.8854
9.8741
8.6174
0.68625
2.6418
-1.5817
0.13989
4.1992
4.813
-19.56
-7.6234
-57.088
-2.9814
-3.921
-2.1864
-3.692
14.521
-7.6128
2.7206
1.7824
-2.8887
-16.055
-9.2897
21.193
-3.48
-13.729
19.029
2.4798
-13.916
81.908
-131.76
-3.9006
-3.5572
3.5514
-3.7499
2.1642
2.7993
-3.2229
-3.2916
-1.1804
-10.9
2.7668
-5.0865
4.8967
-7.2795
-1.4872
12.227
-36.206
0.85308
-77.334
-0.69083
5.6517
-7.8141
4.4098
6.2258
24.578
-0.28326
-9.1561
3.6076
-0.024454
1.1292
3.5119
159.7
6.4074
-7.9814
5.8103
2.0894
-2.5406
4.274
0.19992
1.9288
1.2771
-6.5967
-1.1274
-29.713
-14.157
28.739
-3.7199
0.63461
88.534
2.8466
-6.155
-0.80552
1.213
21.327
-9.3081
-3.3311
19.211
2.2346
-47.254
1.6162
24.406
-5.7244
3.7549
-66.925
0.36755
-3.2596
1.5405
3.3469
-9.8038
-6.5434
138.7
11.904
0.70031
14.073
6.1095
4.611
5.8741
-6.4916
15.45
0.3139
-6.5496
1.7795
16.906
-0.50671
-38.317
-7.161
-0.38118
2.96
5.6268
1.8737
-0.46583
-7.3965
-10.145
3.0667
-4.5245
0.34206
-64.295
-0.16101
1.8288
8.7459
-66.241
1.1891
0.92745
69.618
7.2915
0.97151
2.0184
1.0304
4.6957
19.632
0.056865
4.5978
17.533
0.065461
3.0156
2.6679
0.90586
5.9191
11.92
2.3381
61.873
-6.2921
4.7501
45.209
-30.431
-21.416
1.7625
-0.73669
-6.1202
-15.697
7.8873
1.05
5.0493
1.6381
10.774
29.93
469.07
30.699
2.757
3.7466
4.4148
10.592
-0.7632
-0.55286
-9.3048
-0.85963
2.2607
0.8032
-10.764
-3.7186
1.5159
4.1671
6.0005
2.6779
-3.1409
3.0777
-20.81
-0.3068
-1.8965
2.3505
1.6725
-0.91742
-3.7402
3.3273
-56.533
2.8055
-2.3848
10.815
4.9447
-4.299
-9.9346
10.41
-1.2733
0.83597
-11.654
14.797
3.9672
-60.172
12.886
28.576
-32.755
-3.3585
8.6491
3.3512
-0.33793
-2.1094
0.93975
27.492
1.1586
-131.79
-5.7012
10.981
0.67341
8.9334
-15.602
45.529
5.2356
2.8683
-0.25345
5.3629
3.7654
-245.48
-6.9375
9.2983
50.497
3.9619
-124.17
-7.6414
0.93616
24.873
-0.32932
-17.59
0.95854
-3.4264
-2.8194
236.12
10.434
-16.372
-0.52048
14.496
6.1151
0.82435
4.0347
15.763
0.62974
-2.3444
7.3437
3.3379
2.6683
7.7176
-15.623
3.9497
10.277
-10.017
-120.17
17.779
10.644
-0.18385
1.7617
-3.3932
-73.396
8.9368
3.9006
27.702
3.7997
17.622
-11.153
25.603
4.7672
3.4287
5.2684
98.071
-0.39928
-5.4966
6.604
3.9243
-11.589
-0.70277
2.4298
-55.826
-61.843
-4.8639
-1.2918
-0.014746
3.3256
0.43391
-14.208
4.3318
-4.7261
-27.384
-1.0896
246.49
8.5211
-2.6292
-4.2929
11.829
5.5667
41.374
16.468
7.144
12.887
-1070
0.047084
-12.402
-16.558
-13.265
5.5306
3.8954
2.4263
5.0954
17.2
3.3129
5.2476
-0.85651
-3.6946
-16.304
2.002
-1.7731
-7.5963
28.072
4.6373
-1.1281
-1.7141
4.7828
5.2303
0.52123
47.212
-0.031883
15.583
4.2269
5.0892
-2.8622
21.204
-0.6173
-4.0813
13916
2.32
2.7156
3.9105
32.494
5.1783
-18.112
-7.2949
-31.686
9.203
1.6224
-12.792
1.4007
-6.2644
-2.4348
-0.58245
7.2371
-33.865
12.147
-25.449
-2.7144
-2.1845
13.158
-4.9253
21.17
3.9604
-3.5363
-65.056
12.754
-7.69
-12.674
-14.604
-1.1807
-6.9498
-38.292
1.0201
3.9376
5.3677
-6.0125
-1.1341
8.0267
-27.17
-312.13
-1.6229
0.43325
1.5996
6.2434
-15.572
-2.9068
-2.6182
-3.0541
-1.5818
287.34
-4.4892
5.468
15.868
-1.7977
-120.44
7.436
-30.106
-8.9118
-0.75993
-128.15
4.3476
-12.462
-0.95053
3.3812
2.8935
-2.7517
1.3865
4.153
-17.242
0.016633
-0.38518
-41.186
1.8241
-9.7887
4.7372
1.1084
29.03
0.73936
9.0216
-4.5328
0.6666
3.8723
2.4774
-14.566
-10.414
4.6367
15.444
14.123
2.6449
11.819
-12.265
-80.127
-9.2129
0.47086
-1.563
21.185
17.154
4.5522
3.7421
5.0884
2.8496
2.3599
-6.1923
16.935
-12.637
-0.82525
1.4243
4.3979
9.3889
-2.7154
-2.5979
2.2606
3.1464
8.1717
-22.205
7.4262
-9.4265
-3.3942
-1759
-11.091
-11.43
2.3893
2.3256
-31.702
-12.196
-5.1591
3.6011
5.8462
35.605
5.5497
-2.3583
11.084
-16.409
46.872
-1.2295
6.4732
-4.8401
2.5805
-2.6234
7.1211
1.1949
-496.78
16.657
-4.7926
4.3998
28.694
1.4699
1.3564
1.9336
6.9685
-24.056
-3.4855
6.0034
0.7579
4.6768
-1.0122
-3.8081
16.688
-5.3441
-57.078
-1.0633
-17.814
8.1428
11.274
4.9468
-10.221
-2.7179
16.994
5.6597
-0.41741
-1.0248
-1.1921
-23.784
1.8807
2.7541
-29.119
8.8753
-0.15224
-21.531
1.7504
22.914
3.7097
-1.0089
-8.3204
-42.083
15.228
4.3974
-1.8983
-44.466
10.493
-2.6196
-0.91657
3.7719
1.1184
-4.2754
-25.551
-21.046
1.2928
-43.794
2.484
-2.9168
0.043901
8.9
14.257
-0.15615
-27.472
-9.4755
4.4493
-6.7512
4.6366
4.6684
4.2761
0.23153
-50.218
7.6264
277.67
-2.5571
9.2851
-48.668
-3.9005
-48.415
-7.877
-7.0866
-3.3193
24.129
5.9441
-4.1329
3.1253
321.97
-2.1299
2.899
9.3252
1.8313
12.086
-4.2741
-1.4729
-3.5658
6.5757
-14.561
7.0173
1.8245
3.3291
8.3883
3.6074
1.8176
-1.407
-2.3549
-8.1594
-27.737
1.6093
-27.255
2.9869
4.2026
-91.837
10.499
1.2211
2.5384
124.91
31.18
7.4093
5.0799
0.47076
7.9918
-0.77003
12.898
4.1818
2.5609
-138.61
-2.9369
-4.2135
16.675
6.7163
4.3788
-5.4007
55.354
-8.1598
-13.098
0.12196
-16.65
6.5312
-10.452
-7.3794
4.0629
232.13
-3.7006
1.2665
0.77504
8.097
-1.612
-6.0973
-2.0739
1.2566
-1.3718
3.4096
5.3075
8.871
3.5747
-1.9902
74.146
-7.0161
-2.9892
-24.956
2.0322
4.1393
48.339
2.3763
2.5335
3.6637
-2.321
-3.4659
-2.0685
0.632
5.8064
2.7596
1.8428
1.2917
-8.3438
-3.217
4.8986
6.4204
35.586
13.644
3.2062
2.4304
4110.9
34.754
26.254
110.19
20.709
3.4748
-237.53
1.493
-15.781
9.1715
0.13651
-24.586
-2.7385
4.6311
15.81
52.29
4.3589
7.0151
-2.3042
-7.3183
-13.217
3.7426
0.17075
-5.2158
27.052
48.524
-10.719
8.2424
-3.7135
3.5894
2.8813
1.8742
0.5987
7.0878
2.9139
13.059
21.983
-2.4343
-2.9407
10.006
-6.4636
-252.56
6.2397
11.383
2.2768
-1.0112
3.3849
0.681
-10.081
-11.568
-17.288
-0.57629
-19.359
-8.1604
-3.5169
7.3209
-241.72
2.3523
-3.2924
5.3289
10.347
4.097
3.7337
13.374
-2.6004
-1.2414
-2.6635
3.1557
1.8684
-101.98
-0.54915
0.54239
10.272
-3.3352
14.971
-10.548
33.914
3.0967
-1.9357
-0.14021
0.36232
4.0032
-4.5951
1.8798
-0.63957
13.109
0.89184
1.3906
10.153
-4.3598
0.6139
9.4824
2.1514
5.5796
13.504
-3.2681
-1.4506
3.4748
0.55274
-19.105
12.089
21.716
0.42886
-8.1717
256.23
-0.63005
-2.1691
433.72
-8.1571
-5.2754
30.316
-1.2919
3.8447
-1.4036
-61.96
10.979
2.9493
-12.993
99.862
-0.81909
-9.0484
-6.4393
2.828
27.378
7.7851
0.9265
6.22
0.7929
-170.57
-4.8627
18.496
20.584
187.98
8.5104
4.5835
3.7693
2.39
4.3181
6.5785
-6.0067
18.783
11.38
1.5439
-2.166
-7.7344
-0.24319
-30.189
4.4346
-37.837
-36.724
-157.08
1.9366
-8.3051
-12.621
13.819
-4.9019
8.8596
-2.8703
-9.4776
5.854
-1.6861
-13.453
-20.283
-28.171
1.5743
4.6892
15.003
11.941
-22.927
106.74
30.556
5.9372
29.122
10.54
11.783
-4.6851
-1.6958
6.6222
1.1961
27.119
19.422
3.1273
5.3702
-33.544
-9.514
0.68516
-80.463
-0.58216
1.3837
3.7523
1.5048
24.53
17.482
-29.48
5.3811
-9.8147
4.2301
-18.623
-1.4782
0.755
4.4621
-2.4747
122.81
4.6083
26.417
0.51566
-0.63999
4.2947
0.32411
-31.713
9.5615
-1.5483
2.5896
3.4911
2.2278
84.053
1.0753
28.909
-13.771
0.20505
1.4489
1.6173
-5.418
7.7748
10.385
10.708
-17.863
56.591
-1.1009
2.4316
-120.09
-6.1518
-38.355
-0.042304
7.7859
-4.0968
15.965
11.979
7.8539
-2.5777
3.9871
7.173
59.516
-4.1937
6.6556
12.054
-0.26497
-8.3194
4.8875
-15.639
3.7975
11.193
-2.4166
8.6412
-3.1519
1.1795
2.1022
-13.956
-15.809
6.7603
12.73
9.2748
2.2322
-14.33
-9.3175
3.9374
10.7
-2.2876
-28.314
-2.9188
-1.9653
-35.987
18.692
-1.4662
-12.338
7.6795
-96.454
7.1188
-1.6321
-42.415
-2.7253
-10.692
-0.22235
74.793
12.734
25.449
-0.33112
-0.10093
-16.182
-0.22693
-24.496
-7.095
2.0559
8.9251
23.622
-11.067
5.5061
-12.893
5.615
-2.4678
6.7072
6.2224
11.087
-8.6857
-8.9222
-72.069
7.9309
6.5395
-1.7497
-5.2897
-0.69531
-8.7936
7.9473
11.699
-0.43837
4.1437
0.56994
0.25613
-16.495
0.94993
-16.995
2.9101
-5.0503
0.068768
1.3149
-4.7342
-3.4588
-7.4773
1.423
-5.7426
2.557
7.5979
-140.72
-4.6229
-40.783
-8.6235
5.5058
3.263
1.3237
2.761
-4.087
1.2665
-27.384
-184.97
-20.043
8.9174
-18.402
2.6486
9.442
-34.529
-9.6165
3.4225
-25.119
0.83824
-2.2664
-0.3327
17.836
5.7607
-1.9832
0.63273
871.1
4.8478
-0.8551
10.953
-1.0779
-1.4905
9.1303
0.34983
-0.88508
0.25567
-27.018
-1.0601
-0.50357
3.8204
-2.3277
1.2277
-8.1749
0.6053
6.1823
1.2107
3.0413
2.1791
-2727.5
4.0565
1.438
-55.232
3.4476
-7.3751
-0.7499
67.506
-4.9133
-25.526
-4.0144
130.79
-6.4804
0.97182
11.723
-1.4205
1.8821
4.3846
-12.125
5.9813
-5.6673
1.4988
1.3825
1.2274
11.119
1.8291
0.44675
-0.77111
5.3917
-1.3908
-6.2998
-3.5159
5.1607
-3.9541
1.8783
4.1851
-4.1477
-17.369
31.157
13.456
22.098
-1.5299
-1.6947
-23.675
12.182
-3.6677
1.5663
-7.7935
-11.088
-46.693
-0.67707
0.053435
-2.0255
6.0501
0.18326
-8.1517
-4.8424
17.515
-0.87396
7.9294
2.7753
-50.874
-9.8136
-1.9533
-10.587
0.62081
-3.3259
-18.921
1.5836
-8.3608
-4.9584
10.734
8.5147
404.84
7.4052
-2.2776
9.6592
-6.3271
-7.1889
1.5609
9.5238
89.273
-5.9403
-21.26
-11.441
7.1269
87.647
11.948
0.49763
19.338
-16.297
-0.089688
3.8306
-47.004
-2.4168
10.942
1.2587
-66.835
14.313
-3.0377
-0.33031
-27.972
-36.404
92.675
-0.38968
9.3205
1.8593
7.6816
-8.6031
2.1771
-5.6169
2.7277
6.6664
-32.86
1.402
5.6684
21.063
1.9236
23.798
7.1577
-13.345
12.996
34.605
1.1402
65.255
-0.11979
5.9418
8.3539
-4.1888
15.897
-9.5916
8.2669
1.4759
1.3
5.3738
-7.0064
0.66117
-2.8859
7.4713
-12.502
-36.766
2.8757
-11.232
-2.3376
1.036
-0.84573
5.2689
3.2389
5.0259
6.1996
-1.1273
-28.37
0.74065
1.9502
5.069
-17.459
-2.5185
5.9287
2.1022
-5.4905
-0.21569
-4.1688
-0.84332
-4.1655
-3.2754
1.5882
-2.5797
-11.575
25.971
5.2325
12.105
1.1699
1.759
-2.9955
2.405
2.085
12.203
-0.68317
0.10433
-69.143
2.4559
-1.3702
3.4893
-6.122
-3.0891
266.48
-0.30819
5.6548
6.1098
5.935
17.311
-2.6378
-0.73019
5.3114
-1.9319
-1.8408
3.0997
14.75
4.4014
36.89
2.5735
21.585
-5.7103
42.52
-69.019
12.958
-78.827
7.2877
13.114
3.1367
7.173
1.4773
-4.2299
-0.023249
0.85903
-4.5205
-4.1263
3.8342
33.369
1.8106
7.7983
-3.1067
9.5936
-1.5059
1.6766
7.2373
-0.73964
2.1132
-0.13197
-9.7093
-6.0614
3.35
-35.446
-4.532
-5.8906
-19.752
3.7327
0.95242
-2.7711
-3.2139
1.5252
5.9585
-4.0617
3.5075
346.7
-72.473
14.952
7.1352
-1.7139
-1.0089
-2.1706
11.508
5.2168
16.241
-4.8812
0.52755
0.72962
-7.2091
2.8761
-2.4567
3.755
28.521
-13.051
0.8018
-4.3047
1.9525
2.1516
1.4143
1.0126
7.2325
4.7144
-3.9412
18.147
0.35217
-1.9428
-90.771
0.23281
-24.562
2.6163
-3.393
1.9699
-2.1533
-2.1617
2.3496
-10.141
504.22
-4.373
-93.47
-18.088
0.47918
-41.244
0.20817
1.0225
-22.331
1.3801
0.734
21.951
3.1158
4.765
-8.2585
6.9108
38.134
2.2916
-10.561
181.96
5.8128
-11.309
-5.7096
-2.5989
14.83
6.3825
7.8331
-248.54
-8.5145
22.236
-6.3354
-9.0967
4.1467
-1.9924
1.7453
71.201
3.0931
-6.7092
-1.8357
44.644
9.614
-23.426
10.951
9.5726
-0.68514
38.658
2.3279
260.98
9.4156
8.2696
-0.59183
-2.3075
-2.4784
-12.632
18.654
8.2513
-3.4687
0.21594
-24.94
-91.024
-8.0214
9.8457
0.36443
8.8722
-2.4084
8.2864
5.5984
0.32118
2.0532
1.6318
2.3182
10.206
-1.0286
-2.1016
7.1701
9.3888
0.085202
-3.4245
3.4114
1.22
1.2029
-6.4565
1.1955
-19.91
42.648
-25.401
0.22246
6.2088
-8.0584
5.4159
2.2612
9.2656
-1.5156
4.7751
1.2406
1.6946
18.904
3.5647
-12.945
2.0707
-4.9767
-0.60719
0.93189
-0.57078
-4.1253
2.6383
-5.0895
27.056
10.537
18.748
1.0456
-2.7873
5704.6
-8.7462
145.93
-0.64478
-3.4955
11.184
87.304
3.4567
-10.105
2.0571
19.516
452.09
-3.5004
1.7416
-4.4095
0.12663
5.5041
10.133
3.7595
2.819
-0.50242
21.42
4.5617
-9.0606
6.1772
-3.1058
-8.494
14.013
-9.1094
-8.336
-2.3652
16.879
-1.6948
-4.1796
-7.3973
787.56
1.451
-21.213
72.487
28.621
-6.7609
-1.7076
10.207
10.179
-6.0319
5.758
-1.9111
-1.1826
-4.8979
-12.556
-3.5738
42.135
7.6697
1.8979
0.63291
19.747
16.966
-4.0209
0.92077
-10.985
2.8642
84.451
-3.4168
10.466
7.9277
2.1358
-1.7375
5.4284
2.8068
1.0072
70.827
-40.919
9.8512
27.225
-39.003
-7.1104
2.944
-2.3135
21.616
-2.872
1.501
0.14002
-3.1749
-8.0242
6.408
7.5313
3.1933
-19.963
13.077
-2.92
0.0043506
4.6257
-23.856
-7.977
1.5354
-0.17321
-18.506
-2.564
-3.64
-7.8796
-5.5754
76.237
-3.7726
11.046
-1.3772
-3.1585
-4.3904
64.368
-8.5297
-5.3571
-0.9746
-9.0032
11.845
17.555
-98.571
16.309
6.5306
-45.333
-34.646
-8.3484
-0.45583
0.18521
-111.27
0.70727
5.4813
3.1635
-0.93758
5.3113
3.5039
-0.63924
2.2285
8.5676
-13.079
2.6782
4.6496
-7.5508
-16.59
-3.2501
12.158
0.94513
5.4618
5.7577
-0.80448
342.07
-68.58
85.657
-1.2213
-20.429
-2.9185
9.4867
-19.223
2.4495
-32.124
-3.7886
-16.44
5.6221
-8.4785
4.9369
12.24
10.536
8.1945
-5.4032
3.5584
-0.80959
1.9945
-1.0932
-6.6828
-0.012212
-1.3751
-0.853
13.043
-3.3982
9.711
2.376
6.4189
1.9653
5.6155
-0.32721
5.5002
7.2182
15.485
-0.53858
-1.3541
-6.4336
-13.991
4.2909
-4.8358
-1.5355
-11.785
-23.22
-10.306
-35.383
5.259
-1.1941
6.543
0.88605
-16.073
-17.927
1.7842
-6.2564
-4.8318
-0.43671
19.069
27.52
0.34689
14.906
63.086
1.1142
0.91911
-53.559
-7.0086
2.2507
4.4974
-1.5681
5.0118
-28.294
-1.812
44.908
0.15615
9.8775
-49.206
-0.3156
-47.161
1.3536
2.7438
13.33
-7.4294
6.3204
-0.8967
-1.7728
9.8901
3.7571
-0.89065
1.3618
-47.143
49.364
-2.8261
26.882
9.4865
1.4591
-7.7825
-0.33694
10.29
-3.9199
4.14
-0.12497
-3.1304
-12.967
155.64
4.5246
-3.8237
-2.7863
-1.2714
11.082
1.5602
-2.2892
2.0331
1.0255
7.8722
2.6303
11.618
1.2661
3.1189
3.5861
1.4027
0.088246
2.8461
1.4437
11.124
-102.31
44.192
12.37
-3.4429
5.2241
-11.813
3.0199
-1.2694
3.5471
-13.679
-1.5627
-7.1876
10.385
74.691
40.754
1.3576
0.46009
2.7531
0.13234
6.0163
-1.0401
-9.4826
11.773
108.8
-0.86968
4.682
6.7538
12.04
4.0718
-1.6654
5.1843
14.909
1.6653
-7.8752
-84.776
-38.045
-0.16384
9.6338
4.0471
3.1228
-99.272
7.3699
-2.9802
9.3142
-2.0395
15.308
-0.45083
-5.6207
-3.2616
6.1499
33.171
-6.224
2.1157
3.2168
14.619
2.4025
-11.807
7.3055
245.51
10.945
