-0.25725
1.2498
-0.57503
1.9766
-0.012611
0.22812
0.51325
0.041856
-1.0513
-1.0201
9
0.79106
-0.095839
-1.0578
0.45215
-0.3427
-0.10476
-0.73748
0.30583
0.18225
0.29815
-0.13177
-0.23815
-0.82621
-0.58446
-1.3217
-1.4516
1.1452
0.50905
-1.7079
-1.0714
-0.83596
0.6849
0.73228
-1.1827
0.15306
-1.4163
0.55215
0.83764
7
1.2119
-1.2499
-0.076939
0.46705
-0.14455
0.59595
0.12068
0.40431
-0.018637
-1.9113
-0.75117
-0.87122
-0.23585
0.80016
0.20765
1.3114
0.13157
0.27223
0.56009
0.6317
1.2367
1.2942
-1.1482
-0.29342
-1.1515
0.071974
0.40423
-1.5214
-1.073
-0.36307
-0.32764
0.42209
-0.27179
0.59519
-0.010453
0.31014
1.7663
0.47451
-1.275
8
-0.2972
-0.90311
-0.35104
0.020512
0.36651
-0.17365
-0.90113
0.43937
-0.75855
-0.062096
1.1205
0.032008
-0.24249
0.70119
-1.0899
0.065477
-0.1457
1.4878
0.79974
-1.3553
